0.04934802200544679
0.0 -0.005910937134475158 0.0
0.3141592653589793 0.300591608499127 0.3014856025708451
0.6283185307179586 0.5735142514984061 0.5734596937883463
0.9424777960769379 0.7895842660035579 0.7892995546492152
1.2566370614359172 0.9282418269525059 0.9278772757276512
1.5707963267948966 0.9760150026307034 0.9756279041567402
1.8849555921538759 0.928241826952506 0.9278772757276513
2.199114857512855 0.7895842660035581 0.7892995546492152
2.5132741228718345 0.5735142514984062 0.5734596937883464
2.827433388230814 0.30059160849912725 0.3014856025708452
3.141592653589793 -0.005910937134474963 1.1947995899843925e-16
