0.4934802200544679
0.0 -0.010816623505167489 0.0
0.3141592653589793 0.23464974887646187 0.24144849118748
0.6283185307179586 0.4558186473021832 0.45926232178697163
0.9424777960769379 0.6311407650736329 0.6321203564612021
1.2566370614359172 0.7436070846652382 0.7431020464035114
1.5707963267948966 0.7823422179405105 0.7813437305474442
1.8849555921538759 0.7436070846652383 0.7431020464035115
2.199114857512855 0.6311407650736329 0.6321203564612021
2.5132741228718345 0.4558186473021832 0.45926232178697174
2.827433388230814 0.2346497488764619 0.24144849118748007
3.141592653589793 -0.010816623505167456 9.568700986487795e-17
