0.5428282420599146
0.0 -0.010937395290847834 0.0
0.3141592653589793 0.22854644713679917 0.23556388541904827
0.6283185307179586 0.4443749393040537 0.4480691364631816
0.9424777960769379 0.6155003673650989 0.6167142585490542
1.2566370614359172 0.7252924847091629 0.7249910921072426
1.5707963267948966 0.763109896039984 0.7623007462600118
1.8849555921538759 0.7252924847091629 0.7249910921072427
2.199114857512855 0.615500367365099 0.6167142585490542
2.5132741228718345 0.4443749393040537 0.44806913646318164
2.827433388230814 0.22854644713679917 0.23556388541904835
3.141592653589793 -0.010937395290847828 9.335491688949621e-17
