0.5921762640653614
0.0 -0.011032886153372029 0.0
0.3141592653589793 0.22261423311371625 0.22982269982640458
0.6283185307179586 0.43322193909913276 0.4371487525248943
0.9424777960769379 0.6002369565056753 0.6016836395317918
1.2566370614359172 0.7074061149056203 0.7073215397248953
1.5707963267948966 0.7443227048303063 0.7437218794107744
1.8849555921538759 0.7074061149056204 0.7073215397248954
2.199114857512855 0.6002369565056753 0.6016836395317918
2.5132741228718345 0.43322193909913265 0.4371487525248944
2.827433388230814 0.2226142331137162 0.22982269982640466
3.141592653589793 -0.011032886153372078 9.107966190762586e-17
