0.6415242860708082
0.0 -0.011108417797427605 0.0
0.3141592653589793 0.21684423148538162 0.2242214389592787
0.6283185307179586 0.4223501073842838 0.42649452123059606
0.9424777960769379 0.5853422577245219 0.5870193482018016
1.2566370614359172 0.6899413307501255 0.6900826313667181
1.5707963267948966 0.7259747038434767 0.7255958184850456
1.8849555921538759 0.6899413307501255 0.6900826313667181
2.199114857512855 0.5853422577245219 0.5870193482018016
2.5132741228718345 0.4223501073842837 0.42649452123059617
2.827433388230814 0.21684423148538148 0.22422143895927876
3.141592653589793 -0.011108417797427736 8.88598596582415e-17
