0.690872308076255
0.0 -0.01116818090861374 0.0
0.3141592653589793 0.2112287845581499 0.21875669255884952
0.6283185307179586 0.4117506411178052 0.4160999558825388
0.9424777960769379 0.5708079873719628 0.5727124563855793
1.2566370614359172 0.672890858917324 0.6732638713352794
1.5707963267948966 0.7080590898473442 0.7079115276534595
1.8849555921538759 0.6728908589173239 0.6732638713352795
2.199114857512855 0.5708079873719628 0.5727124563855793
2.5132741228718345 0.41175064111780496 0.4160999558825389
2.827433388230814 0.21122878455814972 0.2187566925588496
3.141592653589793 -0.011168180908613896 8.669415864203222e-17
