0.7402203300817018
0.0 -0.011215481641511954 0.0
0.3141592653589793 0.20576120366764555 0.21342513348145073
0.6283185307179586 0.40141535606010303 0.4059587278773934
0.9424777960769379 0.5566259085112955 0.5587542535079213
1.2566370614359172 0.65624697613036 0.6568550197352919
1.5707963267948966 0.6905684169104974 0.690658240052941
1.8849555921538759 0.6562469761303599 0.656855019735292
2.199114857512855 0.5566259085112955 0.5587542535079213
2.5132741228718345 0.40141535606010287 0.40595872787739345
2.827433388230814 0.2057612036676454 0.2134251334814508
3.141592653589793 -0.011215481641512108 8.458124029855784e-17
