0.7895683520871486
0.0 -0.011252930870439631 0.0
0.3141592653589793 0.20043557786861027 0.2082235156728803
0.6283185307179586 0.3913365895111841 0.3960646628531577
0.9424777960769379 0.5427878669646926 0.5451362412885971
1.2566370614359172 0.6400016506350955 0.640846086239177
1.5707963267948966 0.6734947764292467 0.6738254512314336
1.8849555921538759 0.6400016506350955 0.6408460862391772
2.199114857512855 0.5427878669646926 0.5451362412885971
2.5132741228718345 0.391336589511184 0.3960646628531578
2.827433388230814 0.2004355778686101 0.20822351567288036
3.141592653589793 -0.011252930870439786 8.25198182034596e-17
