0.8389163740925953
0.0 -0.01128259147178623 0.0
0.3141592653589793 0.19524662464335885 0.20314867219208038
0.6283185307179586 0.3815071211747852 0.38641173692997227
0.9424777960769379 0.5292858159544405 0.5318501285682771
1.2566370614359172 0.6241466533969289 0.625227324004578
1.5707963267948966 0.6568299412537819 0.6574029127523934
1.8849555921538759 0.6241466533969289 0.625227324004578
2.199114857512855 0.5292858159544405 0.5318501285682771
2.5132741228718345 0.38150712117478514 0.3864117369299723
2.827433388230814 0.1952466246433587 0.20314867219208044
3.141592653589793 -0.01128259147178636 8.050863728523653e-17
