0.8882643960980422
0.0 -0.011306093790354216 0.0
0.3141592653589793 0.1901895724751992 0.198197513282984
0.6283185307179586 0.3719201092592068 0.3769940730425544
0.9424777960769379 0.5161118334230614 0.518887826260561
1.2566370614359172 0.608673645081715 0.6099892237401134
1.5707963267948966 0.6405654796855507 0.6413806259551538
1.8849555921538759 0.6086736450817148 0.6099892237401136
2.199114857512855 0.5161118334230613 0.518887826260561
2.5132741228718345 0.3719201092592066 0.3769940730425545
2.827433388230814 0.19018957247519902 0.19819751328298407
3.141592653589793 -0.011306093790354393 7.854647306111048e-17
