0.9376124181034889
0.0 -0.011324726519226586 0.0
0.3141592653589793 0.1852600680561013 0.19336702449335536
0.6283185307179586 0.3625690390098438 0.3678059373620204
0.9424777960769379 0.5032581342831849 0.5062414424270378
1.2566370614359172 0.5935742437925976 0.5951225079157638
1.5707963267948966 0.6246928449475823 0.6257488358673648
1.8849555921538759 0.5935742437925975 0.5951225079157639
2.199114857512855 0.5032581342831848 0.5062414424270378
2.5132741228718345 0.3625690390098436 0.3678059373620205
2.827433388230814 0.1852600680561011 0.19336702449335544
3.141592653589793 -0.011324726519226776 7.663213089151509e-17
