0.09869604401089357
0.0 -0.007360040041062277 0.0
0.3141592653589793 0.29167239617415464 0.29413776656962554
0.6283185307179586 0.5592150505965024 0.5594832791690904
0.9424777960769379 0.7705050351449428 0.7700626702542623
1.2566370614359172 0.9059391084261277 0.9052629618328342
1.5707963267948966 0.9525848480903447 0.9518498073692735
1.8849555921538759 0.9059391084261279 0.9052629618328343
2.199114857512855 0.7705050351449432 0.7700626702542623
2.5132741228718345 0.5592150505965027 0.5594832791690905
2.827433388230814 0.29167239617415475 0.29413776656962565
3.141592653589793 -0.007360040041062166 1.1656798198638056e-16
