0.9869604401089358
0.0 -0.011339508377730623 0.0
0.3141592653589793 0.18045410274287982 0.18865426483947736
0.6283185307179586 0.35344768123964393 0.35884173580491324
0.9424777960769379 0.4907170789703613 0.493903277472376
1.2566370614359172 0.5788400775674847 0.5806181251143597
1.5707963267948966 0.6092034449871153 0.6104980252657972
1.8849555921538759 0.5788400775674846 0.5806181251143598
2.199114857512855 0.49071707897036115 0.493903277472376
2.5132741228718345 0.3534476812396437 0.3588417358049133
2.827433388230814 0.18045410274287968 0.18865426483947742
3.141592653589793 -0.011339508377730753 7.476444525275385e-17
