1.0363084621143825
0.0 -0.011351244706931024 0.0
0.3141592653589793 0.175767954141323 0.1840563650155699
0.6283185307179586 0.34455005884344514 0.3500960106273142
0.9424777960769379 0.4784811792153893 0.48186581945651913
1.2566370614359172 0.5644628248335574 0.5664672445207387
1.5707963267948966 0.5940886966306296 0.5956189088818984
1.8849555921538759 0.5644628248335573 0.5664672445207388
2.199114857512855 0.4784811792153892 0.48186581945651913
2.5132741228718345 0.344550058843445 0.35009601062731427
2.827433388230814 0.17576795414132285 0.18405636501556996
3.141592653589793 -0.011351244706931185 7.294227902738559e-17
