1.0856564841198293
0.0 -0.011360572182229106 0.0
0.3141592653589793 0.1711981396175813 0.17957052564684842
0.6283185307179586 0.3358704196663752 0.3415634371019624
0.9424777960769379 0.4665431016902477 0.4701217395211339
1.2566370614359172 0.5504342453579885 0.552661250545212
1.5707963267948966 0.5793400673431117 0.5811024277485709
1.8849555921538759 0.5504342453579882 0.5526612505452121
2.199114857512855 0.46654310169024754 0.4701217395211339
2.5132741228718345 0.335870419666375 0.34156343710196246
2.827433388230814 0.1711981396175811 0.17957052564684847
3.141592653589793 -0.011360572182229299 7.116452281190434e-17
