1.135004506125276
0.0 -0.01136799414880349 0.0
0.3141592653589793 0.16674137922999988 0.17519401558515887
0.6283185307179586 0.32740321442202464 0.3332388202763601
0.9424777960769379 0.45489567001513764 0.4586638874275248
1.2566370614359172 0.5367462037069365 0.5391917375780683
1.5707963267948966 0.5649491071925241 0.5669397436847318
1.8849555921538759 0.5367462037069364 0.5391917375780684
2.199114857512855 0.4548956700151374 0.4586638874275248
2.5132741228718345 0.32740321442202447 0.3332388202763602
2.827433388230814 0.16674137922999968 0.17519401558515893
3.141592653589793 -0.011367994148803677 6.943009424129276e-17
