1.1843525281307228
0.0 -0.011373908550958128 0.0
0.3141592653589793 0.1623945661092741 0.17092417024615184
0.6283185307179586 0.3191430786224929 0.32511709180988985
0.9424777960769379 0.44353186549944873 0.44748528720329905
1.2566370614359172 0.5233906868050637 0.5260505048719218
1.5707963267948966 0.5509074730878449 0.5531222339142944
1.8849555921538759 0.5233906868050636 0.526050504871922
2.199114857512855 0.4435318654994486 0.44748528720329905
2.5132741228718345 0.31914307862249275 0.3251170918098899
2.827433388230814 0.1623945661092739 0.17092417024615192
3.141592653589793 -0.011373908550958321 6.773793733003742e-17
