1.2337005501361697
0.0 -0.011378630009513335 0.0
0.3141592653589793 0.15815474273176267 0.16675838998698297
0.6283185307179586 0.3110848176967659 0.31719330688801733
0.9424777960769379 0.4324448269058524 0.4365791328951316
1.2566370614359172 0.5103598168546443 0.5132295515487881
1.5707963267948966 0.5372069469305207 0.5396414858162972
1.8849555921538759 0.5103598168546443 0.5132295515487882
2.199114857512855 0.4324448269058524 0.4365791328951316
2.5132741228718345 0.31108481769676566 0.3171933068880174
2.827433388230814 0.15815474273176247 0.16675838998698303
3.141592653589793 -0.011378630009513533 6.608702182920502e-17
