1.2830485721416165
0.0 -0.011382407274159428 0.0
0.3141592653589793 0.1540190818580351 0.16269413852355252
0.6283185307179586 0.30322339464490405 0.3094626412117021
0.9424777960769379 0.42162784946357335 0.42593878442504424
1.2566370614359172 0.4976458606094126 0.5007210717288478
1.5707963267948966 0.5238394489772993 0.5264892918029833
1.8849555921538759 0.49764586060941257 0.5007210717288479
2.199114857512855 0.4216278494635733 0.42593878442504424
2.5132741228718345 0.30322339464490394 0.30946264121170214
2.827433388230814 0.1540190818580349 0.16269413852355258
3.141592653589793 -0.011382407274159616 6.447634259918804e-17
