1.3323965941470632
0.0 -0.01138543702000569 0.0
0.3141592653589793 0.14998487116644107 0.1587289413863199
0.6283185307179586 0.2955539197113863 0.3019203880601821
0.9424777960769379 0.4110743833081943 0.41555776354767543
1.2566370614359172 0.4852412357894506 0.48851744977793254
1.5707963267948966 0.510797047440859 0.513657644322711
1.8849555921538759 0.48524123578945055 0.4885174497779326
2.199114857512855 0.4110743833081943 0.41555776354767543
2.5132741228718345 0.2955539197113861 0.3019203880601822
2.827433388230814 0.1499848711664409 0.15872894138631996
3.141592653589793 -0.011385437020005865 6.290491899773776e-17
