1.38174461615251
0.0 -0.011387874754255012 0.0
0.3141592653589793 0.14604950081481533 0.15486038441375338
0.6283185307179586 0.28807164166862886 0.2945619554253452
0.9424777960769379 0.40077803148736574 0.4054297499060808
1.2566370614359172 0.4731385152582266 0.47661125567084
1.5707963267948966 0.4980719651394646 0.5011387309846549
1.8849555921538759 0.4731385152582265 0.47661125567084006
2.199114857512855 0.4007780314873656 0.4054297499060808
2.5132741228718345 0.28807164166862875 0.29456195542534525
2.827433388230814 0.1460495008148152 0.15486038441375344
3.141592653589793 -0.01138787475425515 6.137179428291242e-17
