1.4310926381579567
0.0 -0.01138984343838556 0.0
0.3141592653589793 0.14221045332400412 0.15108611228249733
0.6283185307179586 0.2807719403869497 0.28738286321594064
0.9424777960769379 0.3907325476419893 0.395548577183661
1.2566370614359172 0.46133042945228864 0.46499524046765384
1.5707963267948966 0.48565658383654475 0.48892492980232727
1.8849555921538759 0.4613304294522886 0.4649952404676539
2.199114857512855 0.3907325476419893 0.395548577183661
2.5132741228718345 0.28077194038694964 0.2873828632159407
2.827433388230814 0.14221045332400403 0.15108611228249738
3.141592653589793 -0.011389843438385647 5.987603503057644e-17
