0.14804406601634035
0.0 -0.0083072145136876 0.0
0.3141592653589793 0.2834371745058486 0.28696901273166825
0.6283185307179586 0.5450539885125547 0.54584749906648
0.9424777960769379 0.75173333648971 0.7512946290495088
1.2566370614359172 0.8841058276289996 0.8831998061636911
1.5707963267948966 0.9296764291657291 0.9286512326356812
1.8849555921538759 0.8841058276289996 0.8831998061636912
2.199114857512855 0.7517333364897102 0.7512946290495088
2.5132741228718345 0.5450539885125548 0.5458474990664801
2.827433388230814 0.28343717450584865 0.28696901273166836
3.141592653589793 -0.008307214513687558 1.137269759571531e-16
