1.4804406601634037
0.0 -0.011391440304372114 0.0
0.3141592653589793 0.13846529530377144 0.14740382707336278
0.6283185307179586 0.2736503204346908 0.28037874052993134
0.9424777960769379 0.3809318334489811 0.38590822934987573
1.2566370614359172 0.44980986745085605 0.4536623319003165
1.5707963267948966 0.47354344677635835 0.47700880455302586
1.8849555921538759 0.44980986745085594 0.4536623319003166
2.199114857512855 0.3809318334489812 0.38590822934987573
2.5132741228718345 0.2736503204346907 0.2803787405299314
2.827433388230814 0.13846529530377136 0.14740382707336283
3.141592653589793 -0.011391440304372192 5.841673056609685e-17
