1.5297886821688504
0.0 -0.011392742243226728 0.0
0.3141592653589793 0.13481167064191713 0.1438112868722675
0.6283185307179586 0.2667024055055601 0.2735453229933234
0.9424777960769379 0.3713699358932172 0.3765028369974579
1.2566370614359172 0.43856987699092964 0.44260563006676534
1.5707963267948966 0.46172525981538026 0.46538310025038077
1.8849555921538759 0.43856987699092964 0.4426056300667654
2.199114857512855 0.3713699358932172 0.3765028369974579
2.5132741228718345 0.26670240550556 0.2735453229933234
2.827433388230814 0.13481167064191704 0.14381128687226755
3.141592653589793 -0.011392742243226802 5.699299240989006e-17
