1.5791367041742972
0.0 -0.011393810064897952 0.0
0.3141592653589793 0.13124729485670164 0.14030630440527406
0.6283185307179586 0.25992393351244136 0.26687845016385464
0.9424777960769379 0.36204104442166507 0.3673266737688966
1.2566370614359172 0.4276036636690258 0.43181840323001175
1.5707963267948966 0.45019489146481195 0.4540407387272451
1.8849555921538759 0.4276036636690258 0.43181840323001175
2.199114857512855 0.362041044421665 0.3673266737688966
2.5132741228718345 0.2599239335124413 0.2668784501638547
2.827433388230814 0.13124729485670156 0.1403063044052741
3.141592653589793 -0.011393810064898022 5.560395373648204e-17
