1.628484726179744
0.0 -0.011394691865929896 0.0
0.3141592653589793 0.12776995037533198 0.13688674570689513
0.6283185307179586 0.25331075222028276 0.26037406299796056
0.9424777960769379 0.3529394880211788 0.3583741528700153
1.2566370614359172 0.4169045895196442 0.42129408371960647
1.5707963267948966 0.4389453720930459 0.4429748143262402
1.8849555921538759 0.41690458951964415 0.4212940837196065
2.199114857512855 0.3529394880211788 0.3583741528700153
2.5132741228718345 0.2533107522202827 0.26037406299796056
2.827433388230814 0.12776995037533193 0.13688674570689519
3.141592653589793 -0.011394691865929953 5.424876884675232e-17
