1.6778327481851907
0.0 -0.01139542569176473 0.0
0.3141592653589793 0.12437748255080015 0.13355052882085475
0.6283185307179586 0.24685881531706022 0.2540282013794753
0.9424777960769379 0.34405973225233544 0.3496398236685202
1.2566370614359172 0.40646617112028 0.4110262639329939
1.5707963267948966 0.42796989248428974 0.43217858969533085
1.8849555921538759 0.40646617112028005 0.41102626393299396
2.199114857512855 0.34405973225233544 0.3496398236685202
2.5132741228718345 0.24685881531706017 0.25402820137947535
2.827433388230814 0.1243774825508001 0.1335505288208548
3.141592653589793 -0.011395425691764785 5.292661265304042e-17
