1.7271807701906376
0.0 -0.011396041641428795 0.0
0.3141592653589793 0.12106779626853018 0.13029562253251484
0.6283185307179586 0.2405641788426755 0.2478370017085638
0.9424777960769379 0.33539637626451 0.34111836837545056
1.2566370614359172 0.39628207734094495 0.40100869243432197
1.5707963267948966 0.41726180190796824 0.4216454916858714
1.8849555921538759 0.396282077340945 0.401008692434322
2.199114857512855 0.3353963762645101 0.34111836837545056
2.5132741228718345 0.24056417884267545 0.24783700170856385
2.827433388230814 0.1210677962685301 0.1302956225325149
3.141592653589793 -0.01139604164142886 5.1636680176801434e-17
