1.7765287921960844
0.0 -0.011396563531396925 0.0
0.3141592653589793 0.11783885302525449 0.1271200451321952
0.6283185307179586 0.23442299791215174 0.24179669454941655
0.9424777960769379 0.3269441498117174 0.3328045988075077
1.2566370614359172 0.3863461268309917 0.39123527014833237
1.5707963267948966 0.40681460582065354 0.41136910735062493
1.8849555921538759 0.38634612683099173 0.3912352701483324
2.199114857512855 0.3269441498117175 0.3328045988075077
2.5132741228718345 0.23442299791215168 0.24179669454941657
2.827433388230814 0.11783885302525443 0.12712004513219524
3.141592653589793 -0.01139656353139698 5.0378186058504673e-17
