1.8258768142015311
0.0 -0.011397010210967146 0.0
0.3141592653589793 0.11468866838702196 0.12402186320863383
0.6283185307179586 0.22843152368254188 0.23590360233527477
0.9424777960769379 0.31869791028427974 0.3246934532282935
1.2566370614359172 0.37665228531615685 0.3817000466470136
1.5707963267948966 0.3966219632963033 0.4013431800393193
1.8849555921538759 0.37665228531615685 0.3817000466470136
2.199114857512855 0.31869791028427974 0.3246934532282935
2.5132741228718345 0.22843152368254185 0.2359036023352748
2.827433388230814 0.11468866838702192 0.12402186320863387
3.141592653589793 -0.011397010210967192 4.9150364079477227e-17
