1.8752248362069779
0.0 -0.011397396602137247 0.0
0.3141592653589793 0.11161530975259923 0.12099919047185334
0.6283185307179586 0.22258610052329134 0.2301541371293892
0.9424777960769379 0.3106526397678523 0.3167799932665345
1.2566370614359172 0.3671946627630271 0.37239721652675584
1.5707963267948966 0.38667768426006716 0.3915616055893623
1.8849555921538759 0.3671946627630271 0.3723972165267559
2.199114857512855 0.31065263976785223 0.3167799932665345
2.5132741228718345 0.22258610052329134 0.23015413712938923
2.827433388230814 0.11161530975259917 0.12099919047185338
3.141592653589793 -0.011397396602137297 4.795246669540109e-17
