1.9245728582124246
0.0 -0.011397734521688019 0.0
0.3141592653589793 0.10861689436383205 0.1180501866047165
0.6283185307179586 0.21688316335796481 0.22454479844054898
0.9424777960769379 0.30280344213856414 0.30905940090941536
1.2566370614359172 0.35796751045572683 0.3633211158738026
1.5707963267948966 0.37697572658470946 0.3820184286093977
1.8849555921538759 0.3579675104557268 0.36332111587380267
2.199114857512855 0.3028034421385642 0.30905940090941536
2.5132741228718345 0.21688316335796481 0.22454479844054903
2.827433388230814 0.10861689436383201 0.11805018660471654
3.141592653589793 -0.011397734521688057 4.6783764581180057e-17
