0.19739208802178715
0.0 -0.008993006276674376 0.0
0.3141592653589793 0.2756409605319444 0.2799749764493264
0.6283185307179586 0.531240082003817 0.5325440515034281
0.9424777960769379 0.7333045535022776 0.732984004343788
1.2566370614359172 0.8627145352259682 0.8616743758391212
1.5707963267948966 0.9072551474098816 0.906018055788923
1.8849555921538759 0.8627145352259682 0.8616743758391213
2.199114857512855 0.7333045535022779 0.732984004343788
2.5132741228718345 0.531240082003817 0.5325440515034282
2.827433388230814 0.2756409605319445 0.2799749764493265
3.141592653589793 -0.008993006276674308 1.1095521119916126e-16
