1.9739208802178716
0.0 -0.011398033331089796 0.0
0.3141592653589793 0.10569158751663911 0.11517305614247163
0.6283185307179586 0.21131923515171358 0.21907217109185045
0.9424777960769379 0.2951455402008421 0.3015269755691906
1.2566370614359172 0.3489652180198268 0.35446621881584617
1.5707963267948966 0.3675101930958951 0.37270783885343794
1.8849555921538759 0.3489652180198267 0.3544662188158462
2.199114857512855 0.29514554020084216 0.3015269755691906
2.5132741228718345 0.2113192351517136 0.21907217109185048
2.827433388230814 0.1056915875166391 0.11517305614247167
3.141592653589793 -0.011398033331089817 4.564354618689903e-17
