0.24674011002723395
0.0 -0.009511454367915562 0.0
0.3141592653589793 0.2681853861213963 0.273151399489589
0.6283185307179586 0.5177990817336351 0.5195648368394287
0.9424777960769379 0.7152639336644884 0.7151196479383447
1.2566370614359172 0.8417597451199669 0.840673565365489
1.5707963267948966 0.8852982620277255 0.8839364968975114
1.8849555921538759 0.841759745119967 0.8406735653654891
2.199114857512855 0.7152639336644884 0.7151196479383447
2.5132741228718345 0.5177990817336352 0.5195648368394288
2.827433388230814 0.2681853861213964 0.2731513994895891
3.141592653589793 -0.009511454367915452 1.0825100015750616e-16
