0.2960881320326807
0.0 -0.009911850612858208 0.0
0.3141592653589793 0.2610169358646777 0.2664941274015082
0.6283185307179586 0.5047246268562493 0.5069019528391905
0.9424777960769379 0.6976292362947425 0.6976906833393932
1.2566370614359172 0.8212447014122103 0.8201845886575063
1.5707963267948966 0.8637972215137186 0.86239311187577
1.8849555921538759 0.8212447014122103 0.8201845886575064
2.199114857512855 0.6976292362947426 0.6976906833393932
2.5132741228718345 0.5047246268562494 0.5069019528391906
2.827433388230814 0.26101693586467783 0.2664941274015083
3.141592653589793 -0.009911850612858106 1.056126964065387e-16
