0.3454361540381275
0.0 -0.010224543081549742 0.0
0.3141592653589793 0.25410114104525766 0.2599991069868128
0.6283185307179586 0.4920033416640351 0.4945476898614582
0.9424777960769379 0.6804039240616954 0.6806864991360961
1.2566370614359172 0.8011722143155857 0.8001949712535811
1.5707963267948966 0.842750975019269 0.8413747842985667
1.8849555921538759 0.8011722143155857 0.8001949712535812
2.199114857512855 0.6804039240616955 0.6806864991360961
2.5132741228718345 0.49200334166403514 0.4945476898614583
2.827433388230814 0.2541011410452577 0.2599991069868129
3.141592653589793 -0.0102245430815497 1.0303869364745345e-16
