0.3947841760435743
0.0 -0.010470193596122696 0.0
0.3141592653589793 0.2474133196233109 0.25366238383216816
0.6283185307179586 0.47962085211070155 0.482494526165092
0.9424777960769379 0.6635849438291463 0.6640967425399382
1.2566370614359172 0.7815430137583793 0.7806925427208942
1.5707963267948966 0.8221601391812443 0.8208687174155399
1.8849555921538759 0.7815430137583792 0.7806925427208943
2.199114857512855 0.6635849438291463 0.6640967425399382
2.5132741228718345 0.47962085211070155 0.48249452616509203
2.827433388230814 0.24741331962331092 0.25366238383216827
3.141592653589793 -0.010470193596122659 1.0052742473031342e-16
