0.4441321980490211
0.0 -0.01066378918560823 0.0
0.3141592653589793 0.24093456233324478 0.24748009990158082
0.6283185307179586 0.4675634751087189 0.47073512332954814
0.9424777960769379 0.6471663229257023 0.6479113130815581
1.2566370614359172 0.7623557065179876 0.7616654292455824
1.5707963267948966 0.8020244905141956 0.8008624263599546
1.8849555921538759 0.7623557065179876 0.7616654292455824
2.199114857512855 0.6471663229257023 0.6479113130815581
2.5132741228718345 0.4675634751087189 0.4707351233295482
2.827433388230814 0.24093456233324487 0.2474800999015809
3.141592653589793 -0.010663789185608152 9.807736069991014e-17
