0.04934802200544679 0.005910937134475158
0.09869604401089357 0.007360040041062282
0.14804406601634035 0.008307214513687673
0.19739208802178715 0.008993006276674419
0.24674011002723395 0.009511454367915562
0.2960881320326807 0.009911850612858212
0.3454361540381275 0.010224543081549803
0.3947841760435743 0.01047019359612276
0.4441321980490211 0.010663789185608251
0.4934802200544679 0.010816623505167551
0.5428282420599146 0.010937395290847921
0.5921762640653614 0.01103288615337217
0.6415242860708082 0.011108417797427824
0.690872308076255 0.011168180908613982
0.7402203300817018 0.011215481641512193
0.7895683520871486 0.011252930870439869
0.8389163740925953 0.01128259147178644
0.8882643960980422 0.01130609379035447
0.9376124181034889 0.011324726519226853
0.9869604401089358 0.011339508377730827
1.0363084621143825 0.011351244706931258
1.0856564841198293 0.01136057218222937
1.135004506125276 0.011367994148803746
1.1843525281307228 0.011373908550958389
1.2337005501361697 0.011378630009513599
1.2830485721416165 0.01138240727415968
1.3323965941470632 0.011385437020005927
1.38174461615251 0.011387874754255211
1.4310926381579567 0.011389843438385708
1.4804406601634037 0.01139144030437225
1.5297886821688504 0.01139274224322686
1.5791367041742972 0.011393810064898077
1.628484726179744 0.011394691865930007
1.6778327481851907 0.011395425691764839
1.7271807701906376 0.011396041641428913
1.7765287921960844 0.01139656353139703
1.8258768142015311 0.011397010210967241
1.8752248362069779 0.011397396602137346
1.9245728582124246 0.011397734521688104
1.9739208802178716 0.011398033331089862
